[gd_scene load_steps=7 format=3 uid="uid://dbkgn7ad7u1bu"]

[ext_resource type="Script" path="res://Levels/MainPlay.gd" id="1_7pfjl"]
[ext_resource type="Script" path="res://Enemies/EnemyEdgeSpawning.gd" id="2_amnqo"]
[ext_resource type="PackedScene" uid="uid://di0klw80v6wob" path="res://Models/vr-hand.glb" id="3_an1u7"]
[ext_resource type="Script" path="res://Models/3dspin.gd" id="4_qcfvj"]
[ext_resource type="PackedScene" uid="uid://d2lo5nsj7lk7d" path="res://Models/backPlate.tscn" id="5_1royp"]
[ext_resource type="PackedScene" uid="uid://8kolafukcuow" path="res://Levels/EveryLevelReusedStuff.tscn" id="5_5h4dk"]

[node name="MainPlay" type="Node2D"]
process_mode = 1
script = ExtResource("1_7pfjl")
LevelName = "Dense Sliders"

[node name="Enemies" type="Node2D" parent="."]
script = ExtResource("2_amnqo")
enemy_data = Array[Dictionary]([{
"scene": "EvilSlider",
"weight": 1
}])
minRespawnTime = 0.1
maxRespawnTime = 0.2
maxEnemies = 100

[node name="Powerups (pre-placed)" type="Node2D" parent="."]

[node name="3D background scene" type="Node" parent="."]

[node name="3D Lighting" type="Node3D" parent="3D background scene"]

[node name="OmniLight3D" type="OmniLight3D" parent="3D background scene/3D Lighting"]
transform = Transform3D(1, 0, 0, 0, 1, 0, 0, 0, 1, 18.6197, -123.298, 50.2197)
light_color = Color(0.890196, 0, 0.298039, 1)
omni_range = 96.5984

[node name="OmniLight3D2" type="OmniLight3D" parent="3D background scene/3D Lighting"]
transform = Transform3D(1, 0, 0, 0, 1, 0, 0, 0, 1, 34.9217, -13.8751, 11.2573)
light_color = Color(0.827451, 0.541176, 0.631373, 1)
omni_range = 138.296

[node name="OmniLight3D3" type="OmniLight3D" parent="3D background scene/3D Lighting"]
transform = Transform3D(1, 0, 0, 0, 1, 0, 0, 0, 1, 66.7077, -115.846, -9.51832)
light_color = Color(0.215686, 0.6, 0.713726, 1)
omni_range = 112.848
omni_attenuation = 0.210224

[node name="BackWashBlue" type="SpotLight3D" parent="3D background scene/3D Lighting"]
transform = Transform3D(0.333552, 0.39389, -0.856501, 0.072186, 0.895192, 0.439796, 0.939964, -0.208522, 0.27016, -66.8182, -217.612, 40.1021)
light_color = Color(0.243137, 0.443137, 0.909804, 1)
light_energy = 2.863
spot_range = 338.76
spot_attenuation = 0.0
spot_angle = 22.19
spot_angle_attenuation = 9.51363

[node name="BackWashPurple" type="SpotLight3D" parent="3D background scene/3D Lighting"]
transform = Transform3D(0.213549, 0.464869, 0.85924, -0.854659, -0.337157, 0.39482, 0.473239, -0.818671, 0.325304, 128.76, -203.258, 41.5606)
light_color = Color(0.172549, 0.14902, 0.47451, 1)
light_energy = 2.863
spot_range = 338.76
spot_attenuation = 0.0
spot_angle = 67.81
spot_angle_attenuation = 12.5533

[node name="DirectionalMint" type="DirectionalLight3D" parent="3D background scene/3D Lighting"]
transform = Transform3D(-0.086232, 0.546816, 0.8328, -0.864721, 0.374073, -0.335153, -0.494795, -0.74904, 0.440586, 71.5916, -61.1141, 0)
light_color = Color(0.698039, 1, 0.94902, 1)
light_energy = 0.263

[node name="DirectionalRed" type="DirectionalLight3D" parent="3D background scene/3D Lighting"]
transform = Transform3D(0.650571, -0.395955, -0.648056, 0.657338, 0.720952, 0.219395, 0.380347, -0.568724, 0.729307, 71.5916, -64.6471, 0)
light_color = Color(0.333333, 0.188235, 0.254902, 1)
light_energy = 0.263

[node name="3D Models" type="Node3D" parent="3D background scene"]

[node name="vr-hand" parent="3D background scene/3D Models" instance=ExtResource("3_an1u7")]
transform = Transform3D(0.284015, 2.35363e-16, 0.95882, 3.48787e-16, 1, -3.48787e-16, -0.95882, 4.33485e-16, 0.284015, 14.0083, -26.1895, 17.7393)
script = ExtResource("4_qcfvj")
spinX = 1

[node name="vr-hand2" parent="3D background scene/3D Models" instance=ExtResource("3_an1u7")]
transform = Transform3D(-0.182235, 0.983255, 3.48787e-16, -0.983255, -0.182235, -3.48787e-16, -2.79385e-16, -4.06508e-16, 1, 9.14699, -59.3397, -0.28223)
script = ExtResource("4_qcfvj")
spinY = 1

[node name="vr-hand3" parent="3D background scene/3D Models" instance=ExtResource("3_an1u7")]
transform = Transform3D(1, -8.26765e-18, 7.54913e-17, 7.54913e-17, 0.21644, -0.976296, -8.26765e-18, 0.976296, 0.21644, 28.4669, -90.7346, 10.7577)
script = ExtResource("4_qcfvj")
spinZ = 1

[node name="vr-hand4" parent="3D background scene/3D Models" instance=ExtResource("3_an1u7")]
transform = Transform3D(-1.29015, 7.16874e-16, 0.765184, 5.2318e-16, 1.5, -5.2318e-16, -0.765184, -1.83102e-16, -1.29015, 0.797753, -90.7737, 21.6985)
script = ExtResource("4_qcfvj")
spinX = 1

[node name="vr-hand5" parent="3D background scene/3D Models" instance=ExtResource("3_an1u7")]
transform = Transform3D(-0.066926, 0.361101, 1.45435, -1.47488, -0.273353, -4.86466e-09, 0.265034, -1.42999, 0.36725, 24.4535, -123.549, 12.0449)
script = ExtResource("4_qcfvj")
spinY = 1

[node name="vr-hand6" parent="3D background scene/3D Models" instance=ExtResource("3_an1u7")]
transform = Transform3D(0.36725, 1.41987, 0.314778, 1.24577e-16, 0.324659, -1.46444, -1.45435, 0.358545, 0.0794875, 19.7509, -154.943, 3.76077)
script = ExtResource("4_qcfvj")
spinZ = 1

[node name="BackPlate" parent="3D background scene/3D Models" instance=ExtResource("5_1royp")]
transform = Transform3D(20, 0, 0, 0, 20, 0, 0, 0, 20, 18.1875, -250.505, 3.6788)

[node name="EveryLevelReusedStuff" parent="." instance=ExtResource("5_5h4dk")]
level_goal = 100

[editable path="EveryLevelReusedStuff"]
