[gd_scene load_steps=7 format=3 uid="uid://cuu6o55vr2a3k"]

[ext_resource type="Script" path="res://Levels/MainPlay.gd" id="1_ptudv"]
[ext_resource type="Script" path="res://Enemies/EnemyEdgeSpawning.gd" id="2_yu2yt"]
[ext_resource type="Script" path="res://Models/modelGridSpawner.gd" id="3_lv7o4"]
[ext_resource type="PackedScene" uid="uid://catmw8khctw14" path="res://Models/clockCoordSpin.tscn" id="4_n6thm"]
[ext_resource type="PackedScene" uid="uid://d2lo5nsj7lk7d" path="res://Models/backPlate.tscn" id="5_j7glk"]
[ext_resource type="PackedScene" uid="uid://8kolafukcuow" path="res://Levels/EveryLevelReusedStuff.tscn" id="5_wna4h"]

[node name="MainPlay" type="Node2D"]
process_mode = 1
script = ExtResource("1_ptudv")
LevelName = "Homing Bombers"

[node name="Enemies" type="Node2D" parent="."]
script = ExtResource("2_yu2yt")
enemy_data = Array[Dictionary]([{
"scene": "EvilSliderHomingLayer",
"weight": 1
}])
minRespawnTime = 0.3
maxRespawnTime = 0.3
maxEnemies = 5

[node name="Powerups (pre-placed)" type="Node2D" parent="."]

[node name="3D background scene" type="Node" parent="."]

[node name="3D Lighting" type="Node3D" parent="3D background scene"]

[node name="FieldSpotCoolGreen" type="OmniLight3D" parent="3D background scene/3D Lighting"]
transform = Transform3D(1, 0, 0, 0, 1, 0, 0, 0, 1, 16.024, 6.06369, 10.7245)
visible = false
light_color = Color(0.109804, 0.384314, 0.247059, 1)
light_energy = 5.0
omni_range = 25.2766

[node name="FieldSpotLime" type="SpotLight3D" parent="3D background scene/3D Lighting"]
transform = Transform3D(0.153611, 0.87345, 0.462049, 0.97161, -0.048365, -0.231591, -0.179936, 0.484506, -0.856082, 47.2193, -9.18481, -35.1012)
light_color = Color(0.501961, 0.67451, 0.85098, 1)
light_energy = 0.3
spot_range = 79.7976
spot_attenuation = 0.0
spot_angle = 23.27
spot_angle_attenuation = 0.241483

[node name="FieldSpotLime2" type="SpotLight3D" parent="3D background scene/3D Lighting"]
transform = Transform3D(-0.222867, -0.515611, -0.827331, 0.97161, -0.048365, -0.231591, 0.0793967, -0.855457, 0.511752, -57.8892, -5.82021, 45.768)
light_color = Color(0.788235, 0.356863, 0.227451, 1)
light_energy = 0.2
spot_range = 234.94
spot_attenuation = 0.0
spot_angle = 32.6
spot_angle_attenuation = 0.233257

[node name="FieldSpotRed2" type="SpotLight3D" parent="3D background scene/3D Lighting"]
transform = Transform3D(-0.2309, 0.935942, 0.26589, -0.768953, -0.342974, 0.539518, 0.596151, -0.0798824, 0.798889, 27.7702, 24.6037, 34.1812)
light_color = Color(0.662745, 0.0588235, 0, 1)
light_energy = 0.7
spot_range = 57.6822
spot_attenuation = 0.0
spot_angle = 57.0786
spot_angle_attenuation = 2.07052

[node name="BackWashCenter" type="SpotLight3D" parent="3D background scene/3D Lighting"]
transform = Transform3D(-4.37114e-08, 1, -3.59989e-21, 4.37114e-08, 1.91069e-15, 1, 1, 4.37114e-08, -4.37114e-08, 18.1475, -185.23, 7.01512)
light_color = Color(0.682353, 0, 0.0117647, 1)
light_energy = 0.5
spot_range = 72.753
spot_attenuation = 0.0
spot_angle = 18.0
spot_angle_attenuation = 2.07052

[node name="BackWashPurple" type="SpotLight3D" parent="3D background scene/3D Lighting"]
transform = Transform3D(0.213549, 0.464869, 0.85924, -0.854659, -0.337157, 0.39482, 0.473239, -0.818671, 0.325304, 128.76, -203.258, 41.5606)
visible = false
light_color = Color(0.0901961, 0.00392157, 0.0392157, 1)
light_energy = 2.863
spot_range = 338.76
spot_attenuation = 0.0
spot_angle = 67.81
spot_angle_attenuation = 12.5533

[node name="3D Models" type="Node3D" parent="3D background scene"]

[node name="BackgroundMeshGridSpawner" type="Node3D" parent="3D background scene/3D Models"]
script = ExtResource("3_lv7o4")
mesh = ExtResource("4_n6thm")
xSpacing = 2.0
ySpacing = 2.0
xCount = 20
yCount = 12
scaleSpawned = 0.3

[node name="BackPlate" parent="3D background scene/3D Models" instance=ExtResource("5_j7glk")]
transform = Transform3D(20, 0, 0, 0, 20, 0, 0, 0, 20, 18.1875, -250.505, 3.6788)

[node name="EveryLevelReusedStuff" parent="." instance=ExtResource("5_wna4h")]
level_goal = 70

[editable path="EveryLevelReusedStuff"]
